pH    Mean_Ave  Std_Ave   Mean_Min  Std_Min   Mean_Unf  Std_Unf   
0.00  -119.439  0.226     -125.423  0.231     -1049.050 0.000     
1.00  -38.182   0.374     -44.347   0.369     -949.480  0.000     
2.00  38.790    0.352     33.000    0.362     -849.920  0.000     
3.00  110.627   0.467     105.484   0.452     -750.490  0.000     
4.00  178.631   0.313     174.026   0.310     -652.230  0.000     
5.00  245.174   0.289     241.125   0.199     -560.330  0.000     
6.00  311.238   0.082     306.693   0.045     -478.270  0.000     
7.00  376.811   0.278     371.455   0.250     -402.400  0.000     
8.00  439.220   0.380     432.369   0.400     -333.650  0.000     
9.00  496.971   0.661     488.474   0.602     -269.430  0.000     
10.00 541.352   0.749     532.296   0.727     -215.240  0.000     
11.00 564.456   0.728     554.359   0.800     -191.430  0.000     
12.00 569.151   0.861     557.936   0.902     -194.320  0.000     
13.00 561.813   0.690     552.304   0.716     -213.480  0.000     
14.00 543.292   0.504     533.615   0.553     -244.480  0.000     
