pH Mean_Ave Std_Ave Mean_Min Std_Min Mean_Unf Std_Unf
0.00 -28.298 0.008 -28.540 0.000 -17.050 0.000
1.00 -26.932 0.010 -27.180 0.000 -15.690 0.000
2.00 -25.570 0.009 -25.810 0.000 -14.320 0.000
3.00 -24.217 0.006 -24.450 0.000 -12.960 0.000
4.00 -22.842 0.011 -23.080 0.000 -11.590 0.000
5.00 -21.480 0.000 -21.720 0.000 -10.230 0.000
6.00 -20.128 0.019 -20.360 0.000 -8.870 0.000
7.00 -18.752 0.011 -18.990 0.000 -7.500 0.000
8.00 -17.380 0.014 -17.630 0.000 -6.140 0.000
9.00 -16.024 0.011 -16.260 0.000 -4.770 0.000
10.00 -14.665 0.010 -14.900 0.000 -3.410 0.000
11.00 -13.323 0.118 -13.632 0.109 -2.060 0.000
12.00 -11.944 0.140 -12.426 0.145 -0.840 0.000
13.00 -10.848 0.210 -11.462 0.015 -0.160 0.000
14.00 -10.867 0.063 -11.467 0.029 -0.020 0.000
